x
0.00981853943464626
0.00974258719238785
0.0102888603535662
0.00990581093608299
0.0106624341830035
0.00989644351816799
0.00991501287305928
0.0103241144543388
0.0098886915948297
0.00987427820557027
0.00998334719545792
0.00987713264335975
0.00930984752622775
0.0100641453506227
0.00922131758231371
0.0104299054391252
0.00965812351975651
0.0107180557370881
0.00976909703403031
0.00949582917576285
0.0095494835075014
0.00986303212266604
0.0100073370068213
0.00949318203092988
0.00996391904069546
0.00874564577120249
0.0094600364180422
0.0111625154710967
0.00909548184475683
0.00985702215539274
0.0101087616598737
0.00998767423930822
0.0100572789509554
0.00978272301514577
0.0102958747198467
0.0101968425529999
0.00967916514687599
0.0103838721231178
0.010048085785319
0.00993326716307634
0.00992351551442336
0.0106646158780784
0.0107032949165116
0.00991993111807196
0.00938202010501889
0.00963849178257651
0.0105477852981479
0.0104747113190747
0.00962862175273282
0.0104999134065538
0.00993057273800299
0.0106384579725735
0.0103546126159172
0.00975643544881213
0.0102783812164328
0.0102238449845214
0.0104558546352665
0.00930305783288862
0.0102901202996779
0.00967128095717453
0.0101021869911063
0.00968895765219073
0.00996892000437036
0.00888566198345763
0.00971320481131571
0.00948855770043765
0.00959236375387111
0.0106313234325392
0.00938788593794723
0.0097420874911225
0.00942472333041699
0.00989461157895899
0.0102212174303956
0.00985839670539396
0.0104921125730329
0.0101772922336931
0.0102884989899728
0.0102201801252515
0.0101171540151479
0.00943263397424403
0.00953790889723244
0.00904459400407154
0.0104238466001006
0.00958518723611487
0.00960182352233382
0.0100863768092119
0.0102056753985036
0.010416156665018
0.0101417993722429
0.010897455715362
0.0106039691111738
0.00983637776532539
0.0102134356766652
0.00962750455782013
0.00986089113244913
0.00967208703680249
0.0100020101052131
0.00984222575839662
0.00945797080098418
0.00972830040061146
0.0107991990833871
0.0107619721374938
0.0102608062404488
0.0102978062178798
0.00929930132774978
0.0100131334893867
0.0104141741161831
0.0101495368008612
0.0103850292003359
0.00975474417732199
0.00981064156924292
0.0105256939307668
0.0106108831374671
0.00966955465714288
0.0104295787689441
0.0107235074216267
0.01017331335538
0.0101914053975068
0.0105673000921462
0.0100875917576989
0.0103314745849576
0.00891474009907336
0.0102651700025904
0.0101025258077863
0.0102069159571826
0.00927976396043458
0.01038862902931
0.0104909061113527
0.0104363007530441
0.0111370571933258
0.0101541622330103
0.0101706088830901
0.00928464341936204
0.00950096193865291
0.00965578639504944
0.009151870216413
0.0102020294720482
0.0103553525632004
0.0104575105417778
0.010657626855534
0.00917731573713917
0.00999172540487199
0.0103966135787984
0.00946165846343289
0.0111558141507684
0.00958962651174572
0.010265671685581
0.0103853372819888
0.010176295505927
0.0101637527052798
0.00966243441816834
0.00956450050562267
0.0102596726783376
0.0100879626050932
0.0109568903669623
0.0100578006349239
0.0100691817012804
0.00968360879748624
0.0102296697888919
0.00978314670402705
0.00935510458251367
0.010071863222912
0.00984674885837432
0.00977862613192173
0.00969423391466487
0.00962036963112989
0.0102178726768889
0.00979842213182801
0.0104177225238484
0.010469758574177
0.00954237373542195
0.0112668995687693
0.0102398081514213
0.0102829824601276
0.0100410009764882
0.0100723607942136
0.00957985536623128
0.0102880917552199
0.0101103023348044
0.0103050484932025
0.0101119912556598
0.00992696701080756
0.00952516754384244
0.00931316304649624
0.00937736866672094
0.00942204055905001
0.0100308382513027
0.0102002824599622
0.0106378302982052
0.0101369383871074
0.00997705989829721
0.00979285009282809
0.0106437659433936
0.0100774106314998
0.0100297838538656
0.0102384047123026
0.0103776578143025
0.0100925758479875
0.0092036090064135
0.00991417106591786
0.0101308513440921
0.00968541676758962
0.0107040476402736
0.0101053455307947
0.00951750445357534
0.00977680875044018
0.00986254035650435
0.0102336826819161
0.0111553621639752
0.00997808163513394
0.00992745019397925
0.00943356841347103
0.0108326932437189
0.0104862338388277
0.0103730229682414
0.0103471510251902
0.00946997769208736
0.00980915973997716
0.00989450186820959
0.0106003243787991
0.00933836999407651
0.00903077200194945
0.00930980039574603
0.0102382163893311
0.0102973042233226
0.00971828076209599
0.00974973920233319
0.00973876849036072
0.0103965007943189
0.0100219061789918
0.0100666470805565
0.00969004502347318
0.00989957496335548
0.00997580830204631
0.0107614188342451
0.0102215161575665
0.0102121879877336
0.00979905077522735
0.0104304385071041
0.00974134882764745
0.00994449741281568
0.0106494806572532
0.0108609313738169
0.0101827077879714
0.010742495700826
0.00998639559706394
0.0107296730875775
0.00991768537894121
0.00989676228676298
0.00937026992270017
0.0108515872729869
0.00960902118652497
0.00933860533945686
0.00975904883246735
0.0100831461442581
0.0107025001243325
0.00959418724690955
0.00997660882403478
0.0104905478605677
0.0102259594067323
0.0102276067115107
0.0103741946570107
0.0102541119480691
0.00934356733383508
0.0102783185461269
0.0106006343182081
0.0105542166409476
0.00951131925530626
0.00998691410739135
0.00984685441012412
0.00972613351559551
0.0105869800108231
0.00998476128186959
0.00984757829762745
0.010030221062036
0.00942868607695626
0.00955942940879256
0.00973678474525238
0.00998232610709545
0.010471936229171
0.0104021451885514
0.00929807851862555
0.0100105342756791
0.0110474678964829
0.00954889033926222
0.0107448304555192
0.00985487614618796
0.00976194238040609
0.00934310089109514
0.00982181988222649
0.0101993332305845
0.00990897915689597
0.0105524286300638
0.00974339753093363
0.0106368475980004
0.0100613927394439
0.00993833382612118
0.0100139865049554
0.00994395441540816
0.0104011887705426
0.0104579648114771
0.00916595757209226
0.0102699216211471
0.0102178934037037
0.0104835730813835
0.00953243242532789
0.00980898697061628
0.0103734406591705
0.0104306983467756
0.0101135128023399
0.00961109538530364
0.00975325846794207
0.00928722612589004
0.0105954140331996
0.00978109250825116
0.0091073302258339
0.00969583235122837
0.0101440552675483
0.0105448788302166
0.00968758095963401
0.0107668717335969
0.00972652856186523
0.00988908331650889
0.0100523556555984
0.0098704980375188
0.00934345028882051
0.00966336810806504
0.0102450223253696
0.00986722194112195
0.010411047238366
0.00943705906181744
0.00962227328676585
0.00854247312271841
0.00997423261444525
0.0107311286291774
0.00974901610542229
0.00983892962741905
0.0099487704510158
0.0104455187864819
0.0104208985333438
0.0107448496011999
0.010269884759987
0.00990923915235898
0.010237368109746
0.0103833700587486
0.010066053109288
0.0106440449513852
0.010579424143559
0.00974058637780417
0.00967496180769068
0.0102148374124803
0.0103601645661268
0.0094611627215447
0.00967612174504315
0.0101877385639788
0.0101772540835391
0.0105828897326132
0.00950150983657911
0.0108872355319022
0.00937436214830127
0.010189684241511
0.00990621295327355
0.0100992582451698
0.0100079469610492
0.0102634323911064
0.00975990937435398
0.0109405176770605
0.0105189232197543
0.0106344934168476
0.00997298269308848
0.00957766967468177
0.00874766198212572
0.00987704715777859
0.0103297705219128
0.0098320663008832
0.00974786140419774
0.00948699540017552
0.00977070919402505
0.00987365678858835
0.0100640706735285
0.00947268198072719
0.00954275589761017
0.0102908129840914
0.010193718642681
0.010299436233541
0.0109530153185697
0.0108553684094289
0.00994760408266475
0.00965498346135374
0.0094453286748782
0.00977542876646236
0.00924195457090106
0.0101442079521216
0.00980534599594699
0.00939700069597061
0.0097591529237499
0.0100955386995771
0.0102210782156232
0.0104812574637234
0.00992689510218894
0.00969789650586666
0.00955944557908788
0.0107328345608892
0.00953767917478039
0.0103622271852349
0.00966405760833495
0.0105277532110669
0.00969849386115371
0.00982639685950883
0.010198780403441
0.00998782156134191
0.00987983511273798
0.00991277066300854
0.00955081724866659
0.0101233048969963
0.0103900323383842
0.00922754652857629
0.00999919037857673
0.00919673253113506
0.0101333778348015
0.00998241276833103
0.0100326268232412
0.010583339832881
0.0100629238041345
0.00996933227715522
0.0101326032316782
0.0103607286449776
0.0102493897850291
0.0100456591326562
0.0105267146136116
0.0105089691807084
0.00978972114347659
0.0104459672927416
0.00921232486792378
0.00978702576974734
0.0100794954996797
0.0095927953474235
0.0101073888387352
0.00982104086996606
0.00896378438910323
0.0100871171289181
0.00986070904950294
0.0101905457896733
0.0107528713290967
0.00980312452716185
0.0100865844296389
0.00997072463161556
0.0104532136852452
0.0105185172846374
0.00950196839553405
0.0103401764686514
0.0100817836809784
0.00915090075645434
0.010809162576288
0.00990475820004507
0.00985145349629791
0.00973356635182424
0.00950357547000675
0.00953753392752529
0.0105765533220815
0.0105030615653212
0.00999197077069124
0.00934159018943759
0.00932115742262139
0.00974086960173098
0.010050267818564
0.0105429490027394
0.0104753946924853
0.00979895173588502
0.00997267350972045
0.00993149356191641
0.00999057603659455
0.0098312769246211
0.00961390149882603
0.0106119856109249
0.0108054570116218
0.0103238127349939
0.00988774885196655
0.0105476059865589
0.0101325862944078
0.00914199948682702
0.0100271008616145
0.0100040700495768
0.0107157935078942
0.00997724000010722
0.0100291414699921
0.0107166682091043
0.00917286075142506
0.0102624417276062
0.00902351115153942
0.00993875436052147
0.00950485115238875
0.0103274201248536
0.0099315310073533
0.0103180864487417
0.00946961234999462
0.010438379119672
0.00996965329946298
0.00981309534608462
0.0100095482936812
0.00967892463162312
0.0110362110566654
0.00981575179205298
0.0104418709618026
0.0099131085392316
0.00920472428162348
0.0103053869322184
0.00926348642961724
0.010534581599685
0.00989884527968909
0.0102935356678811
0.0101053795549839
0.0102726840313089
0.0106698005900968
0.00999535207729968
0.00960982385398905
0.0102901538348689
0.0096898935377207
0.00917352102392817
0.00983496036842014
0.0105001082142478
0.0101704248282115
0.0110694637235878
0.00975103238622541
0.00961695134612662
0.010544277985248
0.00997124938248921
0.00941434168659236
0.00960723143103306
0.0108285249413415
0.0094024837456134
0.0101918139488167
0.0102946552792883
0.0100361332622346
0.010724384433109
0.00951525677639931
0.00951101118974958
0.00968948882765304
0.0097523331181267
0.0104024956466768
0.00986867260947002
0.00962765086055674
0.00948800787290106
0.00980050732731771
0.0100617793251184
0.0100901058244131
0.0100978972157496
0.0114737060283052
0.00960304633102422
0.00982109252339517
0.00983350721994737
0.00899639749749962
0.010009017978884
0.010149899807575
0.00962108553927859
0.0104218509718077
0.0102430045550865
0.00986799164646993
0.0100279948254336
0.00999234538012664
0.0102543184638649
0.0101909008694005
0.00985859291289417
0.0103619241687113
0.00979116864039868
0.0094879078490407
0.0103594497582746
0.00992098953508173
0.00962213226354444
0.00999285566331657
0.00981226622005974
0.0110755448060304
0.0100775458775754
0.0105742543039679
0.0096347439313905
0.0106107378897625
0.00961397715064889
0.00997445910554988
0.0104666484973741
0.00937054342650524
0.00964638111966979
0.0106424956931262
0.00972417550480738
0.0110852628281998
0.0101674278650643
0.0101944284856846
0.0101365349614303
0.0100729330202088
0.0097416699607112
0.00915646508324397
0.0100376990949485
0.0108717742239221
0.00977721695449549
0.0104856507599976
0.00979233224123098
0.0111557319471401
0.00968164974738541
0.0103059933055459
0.00965210527566397
0.0104173878605811
0.0102058524908174
0.0101521687340581
0.0103964358953864
0.010534083742819
0.00880630870047202
0.0103224199822714
0.00980921660321129
0.0108573462798532
0.0106655779431016
0.0102482865511633
0.00914671306430633
0.00967637398644949
0.0101870974187243
0.00940933168795233
0.00998334288246675
0.00972651448393257
0.0111509775048131
0.010204923033007
0.0094731147975697
0.0103454687919778
0.00963299748635483
0.0101745348086752
0.00926113270766457
0.00997820414488369
0.00950785997277506
0.0104602650825349
0.00934597965858729
0.0102269457619166
0.0100235096349817
0.00929522513158764
0.00980724290813044
0.00986906552283104
0.00968081408657013
0.00915597703512907
0.0102412245945321
0.0105704730491449
0.0101143862001339
0.0103166610758825
0.00999956125514621
0.00979095494566283
0.0102734054390128
0.00909590735202996
0.0102037701827674
0.00959422880118809
0.0103910229313179
0.0103883763239059
0.0102623719401412
0.0101484919713667
0.0104551074973031
0.0103427584889157
0.0105044036461527
0.0102603502043994
0.00963309183744729
0.00981548346698529
0.00988740957356562
0.010229348020144
0.0101042157326457
0.00933865995887264
0.00937426815694607
0.00925918728577931
0.0091983973853029
0.0101791429787009
0.0102281786815946
0.00992325113992316
0.0103085793977712
0.0105464049761287
0.0100224796314023
0.0100743308153646
0.0102865499451619
0.00935131201089857
0.00959187011000579
0.00946285893178314
0.00951836759875265
0.00991417229938734
0.00997467225024436
0.00999317675052974
0.00969188167795639
0.00961368612520688
0.0106406771340197
0.00973004469799108
0.0103060425288049
0.0102824121052471
0.00959415679424904
0.00921533119404285
0.0101834603636522
0.0101937660672138
0.0101712284953029
0.0106838365233231
0.0103467478139323
0.0103604084759732
0.0111519063968214
0.0104230861043444
0.0104416500262091
0.0104229135704859
0.00975145526809318
0.0104697531383316
0.00948786835483795
0.0100651381911501
0.00927424563744002
0.00977745432410522
0.00931564939863822
0.0109455398837729
0.00965738350571164
0.0104762136098586
0.0102493268669802
0.00996811225384272
0.0101850062472751
0.00916607155221295
0.00975726441149438
0.0102930774421192
0.00994943247718352
0.0105074374996851
0.0103642865144829
0.0109933226500151
0.00982761133220542
0.00998900220723345
0.00961221517490535
0.00961331176290292
0.0103809333234296
0.0103841233310598
0.00999810148557444
0.00967629315365542
0.00996521211698518
0.0105453131552243
0.0100757558872096
0.00994316733341291
0.00894831465333318
0.0101930110373969
0.0106406821103587
0.0101603226884317
0.00926842666401226
0.00947117362062637
0.009812620658845
0.00983339673893081
0.0102003198223346
0.00985394768716475
0.00937658135706671
0.010025461456596
0.00996183366916136
0.00987086319186203
0.00999358715311511
0.00952835825361079
0.0107767552325347
0.0105058583415565
0.0098843250735954
0.00976666071990207
0.010357557592845
0.0103490085774013
0.0104104798937546
0.00973753730505074
0.00997398464807425
0.0102718757163674
0.0103464092144744
0.0100058855468569
0.00943806910715119
0.00956709294576535
0.00965241151754902
0.0101430755754477
0.0104734144734033
0.0105453096539902
0.00978710995958029
0.0102908534010445
0.00987227635051707
0.00963604636224746
0.0103690253704323
0.0102786788025907
0.00959283453961925
0.0107143114664235
0.00993053832999442
0.00992337492899805
0.00961136456399572
0.0100993191836356
0.00971965525569905
0.0104814384318403
0.00967692073443136
0.0103005819683188
0.0101425799285071
0.00922045523469936
0.00990036722658972
0.00948065347474525
0.0103600587772841
0.00936870566485404
0.00962920750216902
0.00984692724224371
0.010157215720923
0.0100550726972734
0.0100527029582643
0.0094540815895113
0.0102628166693391
0.010121948018844
0.00976830175320983
0.00926094186234945
0.00985783408190423
0.00973825449473372
0.009351546076493
0.0101522691476027
0.0110501401549981
0.00940017629884668
0.00987968458015637
0.0100411296246417
0.0106184645488383
0.00953633553705916
0.0105722862088973
0.00945803893617595
0.0102082329950315
0.00913389375813703
0.0095919061687593
0.0105295309705356
0.01069715324519
0.00983791967798859
0.0101638005349591
0.0104649178914454
0.0096887735288694
0.0101847781466465
0.0104551352746433
0.00993745810682109
0.0100833980260416
0.0100225719093661
0.0103351412749634
0.0104296952483771
0.00949338879009789
0.0102238634929374
0.0104557031669479
0.00943275802262755
0.0104027089788248
0.00991665193568927
0.0103169280804742
0.00961631395802367
0.00972177071234136
0.00997742533395901
0.0104298585318209
0.0101973115742886
0.00988779046303458
0.00986795351141254
0.0100375159364422
0.0104278280432976
0.00989189998731469
0.00954138045025673
0.0100134766134438
0.00978289243308532
0.010379562445644
0.009846459102966
0.00966710150628943
0.00925397172356545
0.0101364128491927
0.0100630347936353
0.0103407087285001
0.00960380662555779
0.0101847319228918
0.010843366797838
0.0105148020966972
0.010344261582476
0.0101519606438681
0.0101904798883027
0.0104751637837761
0.00994154706348041
0.0111422098099361
0.0102032651285241
0.00951513150038754
0.0100383356046984
0.00982720669881375
0.0104594769463323
0.0100116444391161
0.0101538596216103
0.010186519496936
0.0095163110466587
0.0107090587804641
0.0102985551251082
0.00917936977747922
0.00922510807314893
0.0105251059660362
0.00935407589457135
0.00945858092149886
0.00976349992176576
0.00953412011861154
0.0099034053188068
0.0102236637857175
0.0104859878011622
0.0106010822448287
0.0100635546921384
0.00998745772201367
0.00846327741459923
0.0102490835422113
0.0105174353625544
0.00983802812266313
0.00988314508742483
0.010242534862438
0.00908888413236817
0.00959639689438476
0.0101648693937163
0.00952013510202117
0.0105532196153071
0.0104007169635217
0.0103639837880931
0.0109568129935747
0.0108742014760624
0.00979292933171172
0.00967037682105366
0.00910725395563818
0.00951398550869992
0.0102238099805081
0.00926233813817169
0.0106795142389421
0.00944361354055373
0.0102944044520145
0.0102652932061168
0.0106618792718415
0.00994223345937692
0.00905656803825654
0.00987079159890783
0.00959232024853105
0.00990714473529391
0.0103605428110113
0.0100063024364773
0.00932838222221059
0.0102591531186203
0.00963601653827071
0.00951440623150092
0.0095945513440025
0.0104475150860861
0.0097894552788033
0.0100680338025376
0.00934115896309949
0.0101250384331409
0.00985644703172935
0.00949717854217115
0.0102081117418198
0.0103701166601012
0.0102807104151983
0.00917625550497079
0.00980407089641582
0.0106797297967437
0.0101359938304319
0.0106905562766823
0.00971531774160414
0.0109060495264363
0.0104225960912418
0.0104216943267397
0.0107726582414527
0.010012170477723
0.0102411695550241
0.00966653326781608
0.00961298798645904
0.00979786978073632
0.0100766704433496
0.00998539084740366
0.0110705515095552
0.0102007823269983
0.00930395545598437
0.00942110759919098
0.00980297658527945
0.0100820145036565
0.00979652143799845
0.0101281904468803
0.00962354577079136
0.00998021738086348
0.00955230333016755
0.0098097977985679
0.00999618734045619
0.0102376531144234
0.00920640938662788
0.00988458701057899
0.0103642984368023
0.00955168595219814
0.0111461459461346
0.0105108661395972
0.0103289701976822
0.0103487834767578
0.00981795673402817
0.0102708641481001
0.00948840819678066
0.00946721847003044
0.010242045124872
0.00956470512657869
0.00944638304253364
0.00946015545308956
0.0108428022881082
0.00976751790191688
0.00985356066637707
0.0104788027574716
0.0103104668477913
0.0103154465719168
0.00943282913019825
0.0109453947677669
0.0102328297446631
0.00983990068739144
0.00988156393001648
0.0092689073990318
0.0102983843936153
0.0107986967534045
0.010925743904362
0.010103134649237
0.00987305229989694
0.0100060720767016
0.0099882023550443
0.0103812402710107
0.0100820630696406
0.0107852143461472
0.00998077189826902
0.010063426796633
